选择加密模式：
（1为同一密钥加密不同明文段）
（2为不同密钥加密同一明文段）：1
选择需要加密的明文段（1 或者 2）：1
明文段1：
0 0 0 0 0 0 0 0 0 0 0 0 0 0 0 0 0 0 0 0 0 0 0 0 0 0 0 0 0 0 0 0 0 0 0 0 0 0 0 0
0 0 0 0 0 0 0 0 0 0 0 0 0 0 0 0 0 0 0 0 0 0 0 0
密钥：
0 0 0 0 0 0 1 0 1 0 0 1 0 1 1 0 0 1 0 0 1 0 0 0 1 1 0 0 0 1 0 0 0 0 1 1 1 0 0 0
0 0 1 1 0 0 0 0 0 0 1 1 1 0 0 0 0 1 1 0 0 1 0 0
密文:
1 1 0 1 0 1 0 0 1 1 0 0 0 1 1 0 0 1 0 1 1 0 0 1 0 0 0 0 0 0 0 0 0 0 1 0 1 0 1 0
0 1 0 1 1 0 0 0 0 1 0 1 1 0 1 1 0 0 1 1 1 0 0 1
解密:
0 0 0 0 0 0 0 0 0 0 0 0 0 0 0 0 0 0 0 0 0 0 0 0 0 0 0 0 0 0 0 0 0 0 0 0 0 0 0 0
0 0 0 0 0 0 0 0 0 0 0 0 0 0 0 0 0 0 0 0 0 0 0 0
选择需要加密的明文块（1 或者 2）：2
明文段2：
1 0 0 0 0 0 0 0 0 0 0 0 0 0 0 0 0 0 0 0 0 0 0 0 0 0 0 0 0 0 0 0 0 0 0 0 0 0 0 0
0 0 0 0 0 0 0 0 0 0 0 0 0 0 0 0 0 0 0 0 0 0 0 0
密钥：
0 0 0 0 0 0 1 0 1 0 0 1 0 1 1 0 0 1 0 0 1 0 0 0 1 1 0 0 0 1 0 0 0 0 1 1 1 0 0 0
0 0 1 1 0 0 0 0 0 0 1 1 1 0 0 0 0 1 1 0 0 1 0 0
密文:
0 0 1 0 1 0 1 1 0 0 0 1 0 1 1 0 1 0 1 0 0 0 0 1 1 0 1 0 0 1 1 0 1 1 1 0 0 0 0 0
1 1 0 0 0 0 1 0 0 1 0 1 0 0 0 1 1 0 0 0 0 1 1 1
解密:
1 0 0 0 0 0 0 0 0 0 0 0 0 0 0 0 0 0 0 0 0 0 0 0 0 0 0 0 0 0 0 0 0 0 0 0 0 0 0 0
0 0 0 0 0 0 0 0 0 0 0 0 0 0 0 0 0 0 0 0 0 0 0 0
选择加密模式：
（1为同一密钥加密不同明文段）
（2为不同密钥加密同一明文段）：2
选择需要使用的密钥（1 或者 2）：1
明文段：
0 1 1 0 1 0 0 0 1 0 0 0 0 1 0 1 0 0 1 0 1 1 1 1 0 1 1 1 1 0 1 0 0 0 0 1 0 0 1 1
0 1 1 1 0 1 1 0 1 1 1 0 1 0 1 1 1 0 1 0 0 1 0 0
密钥1：
1 1 1 0 0 0 1 0 1 1 1 1 0 1 1 0 1 1 0 1 1 1 1 0 0 0 1 1 0 0 0 0 0 0 1 1 1 0 1 0
0 1 1 0 0 0 1 0 1 1 0 1 1 1 0 0 0 0 0 0 0 0 0 0
密文:
1 1 1 0 0 1 1 1 0 0 0 1 0 1 0 0 0 0 0 1 0 0 0 1 1 1 1 1 1 0 1 0 1 1 1 1 1 0 1 1
1 0 0 0 1 1 0 1 0 0 1 1 1 1 0 0 1 1 1 1 0 0 1 0
解密:
0 1 1 0 1 0 0 0 1 0 0 0 0 1 0 1 0 0 1 0 1 1 1 1 0 1 1 1 1 0 1 0 0 0 0 1 0 0 1 1
0 1 1 1 0 1 1 0 1 1 1 0 1 0 1 1 1 0 1 0 0 1 0 0
选择需要使用的密钥（1 或者 2）：2
明文段：
0 1 1 0 1 0 0 0 1 0 0 0 0 1 0 1 0 0 1 0 1 1 1 1 0 1 1 1 1 0 1 0 0 0 0 1 0 0 1 1
0 1 1 1 0 1 1 0 1 1 1 0 1 0 1 1 1 0 1 0 0 1 0 0
密钥2：
0 1 1 0 0 0 1 0 1 1 1 1 0 1 1 0 1 1 0 1 1 1 1 0 0 0 1 1 0 0 0 0 0 0 1 1 1 0 1 0
0 1 1 0 0 0 1 0 1 1 0 1 1 1 0 0 0 0 0 0 0 0 0 0
密文:
0 1 1 0 0 1 1 0 1 1 1 1 1 0 1 0 0 1 1 0 0 1 0 0 0 1 0 0 0 1 0 1 1 0 1 1 0 1 0 0
0 1 0 0 1 1 0 0 1 1 1 1 0 1 1 1 1 0 1 1 0 0 1 0
解密:
0 1 1 0 1 0 0 0 1 0 0 0 0 1 0 1 0 0 1 0 1 1 1 1 0 1 1 1 1 0 1 0 0 0 0 1 0 0 1 1
0 1 1 1 0 1 1 0 1 1 1 0 1 0 1 1 1 0 1 0 0 1 0 0
请按任意键继续. . .